,customer_id,registration_date,tx_first_product,tx_mau4m_active,tx_mau5m_active,tx_Churn_flag_4m,tx_Churn_flag_5m,tx_loanApplicationflag_4m,submittedappliction4m,tx_loanApplicationflag_5m,submittedappliction5m,tx_loanApprovedflag_5m,tx_FSPD30_4m,npl,tx_FSPD30_5m,fspd304m,fspd305m
11473,1867079,2023-01-19 00:00:00+00:00,Individual Stash,1,1,0,0,0,1,0,2,1,,0,,0,0
13877,2000779,2023-04-17 00:00:00+00:00,Individual Stash,1,1,0,0,0,1,0,1,1,,0,,0,0
15616,2136282,2023-07-14 00:00:00+00:00,Individual Stash,0,1,1,0,0,2,0,1,1,,0,,0,0
25220,2417165,2024-03-02 00:00:00+00:00,Individual Stash,1,1,0,0,0,1,0,1,1,,0,,0,0
33681,1933783,2023-03-08 00:00:00+00:00,Individual Stash,0,1,1,0,0,1,0,2,1,,0,,0,0
37557,2215396,2023-08-31 00:00:00+00:00,Individual Stash,0,1,1,0,0,2,0,1,1,,0,,0,0
39483,2317033,2023-11-27 00:00:00+00:00,Individual Stash,0,1,1,0,0,2,0,2,1,,0,,0,0
46422,1971997,2023-04-01 00:00:00+00:00,Individual Stash,0,1,1,0,0,2,0,3,1,,0,,0,0
48318,2110572,2023-06-28 00:00:00+00:00,Individual Stash,1,1,0,0,0,1,0,1,1,,0,,0,0
54543,2203926,2023-08-23 00:00:00+00:00,Individual Stash,1,1,0,0,0,1,0,1,1,,0,,0,0
57816,2012916,2023-04-25 00:00:00+00:00,Individual Stash,1,1,0,0,0,1,0,1,1,,0,,0,0
68566,2219707,2023-09-03 00:00:00+00:00,Bills Pay,1,1,0,0,0,2,0,1,1,,0,,0,0
68660,2220279,2023-09-03 00:00:00+00:00,Individual Stash,0,1,1,0,0,4,0,1,1,,0,,0,0
77911,1978071,2023-04-04 00:00:00+00:00,Individual Stash,0,1,1,0,0,1,0,3,1,,0,,0,0
78471,2379960,2024-01-25 00:00:00+00:00,Individual Stash,0,1,1,0,0,1,0,1,1,,0,,0,0
78476,2379244,2024-01-25 00:00:00+00:00,Individual Stash,1,1,0,0,0,1,0,1,1,,0,,0,0
81908,1925941,2023-03-03 00:00:00+00:00,Individual Stash,1,1,0,0,0,1,0,1,1,,0,,0,0
81925,1925620,2023-03-03 00:00:00+00:00,Individual Stash,1,1,0,0,0,2,0,1,1,,0,,0,0
84621,2068595,2023-05-30 00:00:00+00:00,Individual Stash,0,1,1,0,0,1,0,1,1,,0,,0,0
95681,2105326,2023-06-23 00:00:00+00:00,Individual Stash,0,1,1,0,0,0,0,1,1,,0,,0,0
98660,2336483,2023-12-16 00:00:00+00:00,Individual Stash,1,1,0,0,0,1,0,1,1,,0,,0,0
113633,1901194,2023-02-15 00:00:00+00:00,Individual Stash,1,1,0,0,0,1,0,1,1,,0,,0,0
134053,1873999,2023-01-25 00:00:00+00:00,Individual Stash,0,1,1,0,0,0,0,1,1,,0,,0,0
137582,2147012,2023-07-20 00:00:00+00:00,Individual Stash,0,1,1,0,0,1,0,1,1,,0,,0,0
141890,2098452,2023-06-18 00:00:00+00:00,Individual Stash,0,1,1,0,0,1,0,1,1,,0,,0,0
142621,2232923,2023-09-14 00:00:00+00:00,Individual Stash,1,1,0,0,0,2,0,1,1,,0,,0,0
144574,2331219,2023-12-11 00:00:00+00:00,Bills Pay,1,1,0,0,0,5,0,1,1,,0,,0,0
148881,1865275,2023-01-17 00:00:00+00:00,Individual Stash,1,1,0,0,0,1,0,1,1,,0,,0,0
151138,1996291,2023-04-15 00:00:00+00:00,Individual Stash,1,1,0,0,0,2,0,1,1,,0,,0,0
155063,1943187,2023-03-14 00:00:00+00:00,Individual Stash,1,1,0,0,0,1,0,2,1,,0,,0,0
161246,2036549,2023-05-09 00:00:00+00:00,Bills Pay,0,1,1,0,0,7,0,5,1,,0,,0,0
161926,2415253,2024-02-29 00:00:00+00:00,Individual Stash,1,1,0,0,0,1,0,1,1,,0,,0,0
164061,1856071,2023-01-09 00:00:00+00:00,Individual Stash,0,1,1,0,0,0,0,1,1,,0,,0,0
164095,1856323,2023-01-09 00:00:00+00:00,Individual Stash,0,1,1,0,0,1,0,1,1,,0,,0,0
165975,1982500,2023-04-07 00:00:00+00:00,Individual Stash,1,1,0,0,0,2,0,1,1,,0,,0,0
166524,2382830,2024-01-28 00:00:00+00:00,Group Stash,1,1,0,0,0,1,0,1,1,,0,,0,0
172567,2073948,2023-06-02 00:00:00+00:00,Individual Stash,0,1,1,0,0,2,0,1,1,,0,,0,0
177041,2192100,2023-08-16 00:00:00+00:00,Individual Stash,1,1,0,0,0,1,0,1,1,,0,,0,0
178159,1867718,2023-01-20 00:00:00+00:00,Individual Stash,0,1,1,0,0,2,0,1,1,,0,,0,0
178819,2302353,2023-11-12 00:00:00+00:00,Group Stash,1,1,0,0,0,1,0,1,1,,0,,0,0
182100,2139195,2023-07-15 00:00:00+00:00,Group Stash,1,1,0,0,0,7,0,1,1,,0,,0,0
184437,1946944,2023-03-17 00:00:00+00:00,Individual Stash,0,1,1,0,0,1,0,1,1,,0,,0,0
185090,2361131,2024-01-07 00:00:00+00:00,Group Stash,1,1,0,0,0,3,0,1,1,,0,,0,0
191398,2041405,2023-05-12 00:00:00+00:00,Individual Stash,0,1,1,0,0,0,0,1,1,,0,,0,0
194130,1858944,2023-01-12 00:00:00+00:00,Individual Stash,0,1,1,0,0,1,0,1,1,,0,,0,0
203113,2079290,2023-06-05 00:00:00+00:00,Individual Stash,1,1,0,0,0,2,0,1,1,,0,,0,0
213383,1974618,2023-04-02 00:00:00+00:00,Individual Stash,1,1,0,0,0,1,0,5,1,,0,,0,0
218656,2343914,2023-12-22 00:00:00+00:00,Individual Stash,0,1,1,0,0,3,0,1,1,,0,,0,0
220274,2066274,2023-05-28 00:00:00+00:00,Individual Stash,1,1,0,0,0,1,0,1,1,,0,,0,0
222670,1876620,2023-01-28 00:00:00+00:00,Individual Stash,1,1,0,0,0,2,0,2,1,,0,,0,0
224603,2014827,2023-04-26 00:00:00+00:00,Individual Stash,0,1,1,0,0,1,0,1,1,,0,,0,0
225221,2401677,2024-02-16 00:00:00+00:00,Individual Stash,0,1,1,0,0,1,0,1,1,,0,,0,0
230552,2101873,2023-06-21 00:00:00+00:00,Individual Stash,0,1,1,0,0,1,0,1,1,,0,,0,0
235038,2053837,2023-05-20 00:00:00+00:00,Individual Stash,1,1,0,0,0,1,0,1,1,,0,,0,0
240004,2033692,2023-05-07 00:00:00+00:00,Bills Pay,1,1,0,0,0,1,0,2,1,,0,,0,0
245127,2208572,2023-04-05 00:00:00+00:00,Individual Stash,0,1,1,0,0,0,0,1,1,,0,,0,0
247080,2115962,2023-07-02 00:00:00+00:00,Individual Stash,1,1,0,0,0,1,0,1,1,,0,,0,0
262867,2106065,2023-06-24 00:00:00+00:00,Individual Stash,0,1,1,0,0,4,0,1,1,,0,,0,0
265970,2336635,2023-12-17 00:00:00+00:00,Individual Stash,1,1,0,0,0,1,0,1,1,,0,,0,0
268661,2429574,2024-03-14 00:00:00+00:00,Individual Stash,0,1,1,0,0,1,0,1,1,,0,,0,0
270702,1871367,2023-01-23 00:00:00+00:00,Bills Pay,1,1,0,0,0,1,0,1,1,,0,,0,0
270801,1870790,2023-01-23 00:00:00+00:00,Individual Stash,1,1,0,0,0,2,0,1,1,,0,,0,0
274793,2143413,2023-07-18 00:00:00+00:00,Individual Stash,0,1,1,0,0,2,0,1,1,,0,,0,0
289299,2388959,2024-02-03 00:00:00+00:00,Individual Stash,1,1,0,0,0,1,0,1,1,,0,,0,0
290512,2129485,2023-07-10 00:00:00+00:00,Individual Stash,1,1,0,0,0,1,0,1,1,,0,,0,0
294713,2083847,2023-06-08 00:00:00+00:00,Individual Stash,1,1,0,0,0,2,0,3,1,,0,,0,0
294733,2084285,2023-06-08 00:00:00+00:00,Individual Stash,0,1,1,0,0,1,0,2,1,,0,,0,0
296331,1919417,2023-02-27 00:00:00+00:00,Individual Stash,0,1,1,0,0,2,0,1,1,,0,,0,0
299324,2432704,2024-03-17 00:00:00+00:00,Individual Stash,1,1,0,0,0,1,0,1,1,,0,,0,0
323537,2359741,2024-01-05 00:00:00+00:00,Individual Stash,0,1,1,0,0,1,0,1,1,,0,,0,0
334223,1984538,2023-04-08 00:00:00+00:00,Individual Stash,1,1,0,0,0,1,0,1,1,,0,,0,0
335848,2120190,2023-07-05 00:00:00+00:00,Individual Stash,1,1,0,0,0,7,0,1,1,,0,,0,0
346338,2025814,2023-05-02 00:00:00+00:00,Individual Stash,1,1,0,0,0,3,0,1,1,,0,,0,0
346896,2407685,2024-02-22 00:00:00+00:00,Individual Stash,1,1,0,0,0,4,0,1,1,,0,,0,0
349289,1847693,2023-01-02 00:00:00+00:00,Individual Stash,0,1,1,0,0,1,0,1,1,,0,,0,0
357328,2227968,2023-09-10 00:00:00+00:00,Individual Stash,0,1,1,0,0,1,0,1,1,,0,,0,0
372522,2081293,2023-06-06 00:00:00+00:00,Individual Stash,0,1,1,0,0,0,0,1,1,,0,,0,0
377518,2030978,2023-05-05 00:00:00+00:00,Individual Stash,0,1,1,0,0,2,0,1,1,,0,,0,0
397095,2279258,2023-10-20 00:00:00+00:00,Individual Stash,1,1,0,0,0,1,0,1,1,,0,,0,0
398697,1962261,2023-03-26 00:00:00+00:00,Individual Stash,0,1,1,0,0,1,0,2,1,,0,,0,0
399313,2371001,2024-01-16 00:00:00+00:00,Individual Stash,1,1,0,0,0,1,0,1,1,,0,,0,0
401392,2238562,2023-09-18 00:00:00+00:00,Individual Stash,0,1,1,0,0,1,0,1,1,,0,,0,0
405063,2054349,2023-05-21 00:00:00+00:00,Individual Stash,1,1,0,0,0,1,0,1,1,,0,,0,0
406694,2194499,2023-08-17 00:00:00+00:00,Individual Stash,0,1,1,0,0,1,0,1,1,,0,,0,0
407735,1868731,2023-01-21 00:00:00+00:00,Individual Stash,1,1,0,0,0,1,0,1,1,,0,,0,0
411910,2139378,2023-07-16 00:00:00+00:00,Individual Stash,0,1,1,0,0,3,0,1,1,,0,,0,0
416670,2252559,2023-09-29 00:00:00+00:00,Individual Stash,0,1,1,0,0,1,0,1,1,,0,,0,0
416687,2252293,2023-09-29 00:00:00+00:00,Individual Stash,0,1,1,0,0,0,0,1,1,,0,,0,0
418363,1929599,2023-03-05 00:00:00+00:00,Individual Stash,1,1,0,0,0,3,0,2,1,,0,,0,0
418364,1929136,2023-03-05 00:00:00+00:00,Individual Stash,1,1,0,0,0,1,0,1,1,,0,,0,0
426317,2022146,2023-04-30 00:00:00+00:00,Individual Stash,0,1,1,0,0,2,0,1,1,,0,,0,0
432733,2242073,2023-09-21 00:00:00+00:00,Individual Stash,0,1,1,0,0,0,0,2,1,,0,,0,0
459573,2264014,2023-10-07 00:00:00+00:00,Individual Stash,0,1,1,0,0,1,0,1,1,,0,,0,0
